%%%%%%%%%%%%%%%%%%%%%%%%%%%%%%%%%%%%%%%%%%%%%%%%%%%%%%%%%%%%%%%%%%
%%%%%%%%%%%%%%%%%%%%    isardSAT S.L.   %%%%%%%%%%%%%%%%%%%%%%%%%%
%%%%%%%%%%%%%%%%%%%%%%%%%%%%%%%%%%%%%%%%%%%%%%%%%%%%%%%%%%%%%%%%%%
function addlogoESA(fig_type)
% for inserting the ESA logo in a figure
% input: 'map' or 'plot' or 'plot4'
% plot4 for 2x2 subplots 

%% logo ESA
L1=[255,255,255,252,254,254,252,255,253,254,254,252,251,252,255,255,255,255,254,251,248,248,254,254,253,255,253,255,254,254,255,252,255,255,255,255,255,255,255,255,254,254,255,255,255,255,254,254,255,255,255,255,255,255,255,255,255,255,255,255,255,255,255,255,255,255,255,255,255,255,255,255,255,255,255,255,255,255,255,255,255,255,255,255,255,255,255,255;255,250,251,255,254,255,255,255,255,255,251,238,192,120,54,21,14,12,42,100,175,232,248,255,255,252,255,255,255,254,247,252,255,255,255,255,255,255,255,255,255,255,255,255,255,255,255,255,255,255,255,255,255,255,255,255,255,255,255,255,255,255,255,255,255,255,255,255,255,255,255,255,255,255,255,255,255,255,255,255,255,255,255,255,255,255,255,255;255,255,249,255,249,249,254,251,244,241,80,11,25,1,15,0,3,17,9,5,25,13,54,204,242,254,255,255,255,252,252,243,255,255,255,255,255,255,255,255,255,255,255,255,255,255,255,255,255,255,255,255,255,255,255,255,255,255,255,255,255,255,255,255,255,255,255,255,255,255,255,255,255,255,255,255,255,255,255,255,255,255,255,255,255,255,255,255;253,251,255,249,255,254,249,251,75,15,9,15,13,18,11,20,11,3,15,13,9,16,15,17,45,245,249,251,255,251,255,252,255,255,255,255,255,255,255,255,255,255,254,254,254,254,255,255,255,255,255,255,255,255,255,255,255,255,255,255,255,255,255,255,255,255,255,255,255,255,255,255,254,254,255,255,255,255,255,255,255,255,255,255,255,255,255,255;250,255,247,255,251,249,209,37,9,3,13,16,9,11,11,15,18,17,13,13,12,6,5,8,15,19,158,249,255,255,255,255,255,255,255,255,255,255,255,255,254,255,255,255,255,255,255,254,255,255,255,255,255,255,255,255,255,255,255,255,255,255,255,255,255,255,255,255,255,255,255,255,254,255,255,255,255,255,255,255,255,255,255,255,255,255,255,255;254,255,248,254,242,177,28,24,16,16,10,7,11,13,15,12,12,23,14,10,15,15,17,17,8,11,17,141,241,251,255,255,255,255,255,255,255,255,255,255,255,255,255,255,255,255,255,255,255,255,255,255,255,255,255,255,255,255,255,255,255,255,255,255,255,255,255,255,255,255,255,255,255,255,255,255,254,254,254,254,255,255,255,255,255,255,255,255;251,255,255,243,214,23,7,9,17,16,17,15,8,9,8,7,8,9,12,13,13,18,18,16,12,5,22,6,158,248,254,255,255,255,255,255,255,255,255,255,255,255,254,254,254,254,255,255,255,255,255,255,255,255,255,255,254,254,254,254,254,254,254,254,255,255,255,255,255,255,255,255,255,255,255,255,254,254,254,253,255,255,255,255,255,255,255,255;255,255,255,246,44,19,9,5,13,9,11,12,11,13,15,16,19,5,16,14,9,12,5,11,13,10,6,23,9,208,249,252,255,255,255,255,255,255,255,255,255,254,252,251,251,252,254,255,255,255,255,255,255,255,255,255,254,254,254,254,254,254,254,254,255,255,255,255,255,255,255,255,255,255,255,255,254,254,253,253,255,255,255,255,255,255,255,255;254,255,254,71,8,15,23,5,11,16,14,7,13,16,12,14,11,10,14,18,27,153,241,246,255,211,92,27,13,44,255,253,255,255,250,252,255,255,254,245,210,86,8,6,8,21,132,239,251,250,255,255,252,248,255,255,255,238,112,25,6,10,20,77,205,252,255,255,254,252,255,255,255,254,237,148,55,13,7,3,2,51,159,247,252,255,255,254;251,255,237,11,16,16,11,18,12,21,9,17,16,12,5,18,10,15,25,197,248,253,255,255,255,255,252,238,79,21,141,251,255,244,255,255,254,247,248,63,14,13,8,4,9,12,19,16,132,249,255,250,255,252,243,254,110,18,9,4,5,9,0,15,16,38,208,247,252,252,249,243,249,151,26,27,12,12,9,10,8,5,21,19,210,250,255,255;253,254,65,15,9,12,16,1,14,12,10,15,18,16,21,10,16,32,224,246,255,255,255,254,247,255,255,245,248,122,33,250,251,255,255,255,254,247,45,13,6,6,13,20,16,13,8,8,16,105,249,255,255,253,248,106,14,13,20,11,13,11,11,7,4,4,17,211,255,255,252,249,165,10,10,5,14,13,10,10,19,10,7,19,14,212,252,255;250,220,29,12,9,11,14,13,7,10,16,16,11,9,14,14,12,209,252,255,255,254,202,147,153,253,253,255,252,239,54,212,252,254,255,250,244,55,13,19,13,15,45,123,120,50,14,15,15,13,168,255,255,251,244,17,12,9,22,148,209,225,192,95,12,13,11,79,248,255,255,246,40,20,19,18,36,163,190,186,92,10,17,7,13,104,241,255;255,189,13,9,5,9,7,16,6,11,7,16,13,16,0,13,137,248,253,255,248,102,11,7,17,0,180,248,251,255,238,82,248,255,255,255,193,19,13,6,7,135,247,251,252,244,102,15,3,12,31,247,255,255,145,11,7,5,93,247,254,253,255,247,31,10,7,0,232,248,251,245,0,9,15,27,242,249,254,247,249,115,22,5,8,52,245,255;253,109,12,12,17,12,16,16,23,10,17,7,7,13,16,2,215,255,255,252,178,12,11,7,17,7,0,226,252,255,255,48,248,251,255,251,45,9,17,9,99,248,250,255,253,250,245,40,12,9,8,158,255,252,112,18,12,14,115,244,255,255,255,255,165,39,30,25,189,251,254,196,33,33,34,67,246,252,241,254,254,186,16,18,17,27,249,255;255,50,3,5,16,14,16,29,28,22,12,14,15,6,21,11,254,248,255,248,40,19,14,27,20,22,26,147,255,255,252,164,237,255,249,222,22,6,7,9,189,254,248,243,251,249,243,161,9,12,10,78,250,255,150,11,16,22,29,117,231,250,242,248,254,254,254,254,249,255,255,255,253,254,255,255,255,255,255,255,224,43,17,12,9,18,248,253;255,19,9,7,21,11,70,239,245,192,17,8,12,14,14,82,251,252,254,240,26,187,240,240,233,238,241,244,255,248,245,254,228,250,255,204,18,8,11,2,244,102,29,25,23,17,30,25,23,11,4,35,251,251,244,18,11,8,5,13,18,17,26,32,120,236,254,255,255,251,251,254,254,251,244,235,167,116,61,20,23,12,12,10,10,18,245,255;255,1,10,21,8,8,199,254,255,248,53,7,8,12,19,109,255,254,246,250,16,207,255,255,252,251,254,254,255,253,255,254,230,255,255,195,19,11,9,17,255,97,8,16,19,7,7,17,20,11,0,11,246,255,255,164,5,22,12,7,10,9,18,17,4,21,56,208,254,255,252,255,254,116,38,10,13,15,5,15,19,15,10,1,15,11,250,255;255,0,16,12,14,14,147,248,246,245,31,15,11,4,18,99,255,247,251,253,9,204,248,249,255,255,251,255,249,245,252,252,239,255,255,187,25,7,7,12,251,102,4,4,7,5,11,9,11,10,9,2,230,252,252,248,192,70,3,12,14,15,0,12,6,15,20,24,234,254,255,248,38,5,7,8,4,10,14,25,95,183,5,23,10,0,248,255;255,37,14,16,5,15,28,158,186,55,12,9,12,15,15,53,255,255,250,250,27,66,67,64,67,79,65,66,75,73,64,62,240,251,249,218,12,2,18,0,255,201,188,178,179,196,193,182,174,185,177,191,249,248,255,255,252,248,246,168,110,67,38,8,14,2,13,13,113,253,253,47,12,4,14,16,88,177,229,245,248,227,14,11,5,7,252,255;250,106,19,4,7,7,23,15,9,11,24,14,14,13,14,2,247,252,255,255,38,9,10,10,12,9,12,5,3,7,6,6,255,255,255,216,17,9,18,7,154,252,252,238,249,255,248,238,215,215,220,217,255,255,227,230,232,236,254,255,255,255,251,219,51,12,3,9,61,254,239,25,17,17,19,113,249,255,255,254,254,233,23,15,11,5,251,255;254,188,14,10,19,7,8,10,9,16,8,13,4,16,10,12,185,252,254,250,196,13,9,11,13,10,8,13,19,21,25,114,251,252,255,247,46,16,10,19,55,247,250,255,255,255,251,135,23,6,12,22,248,250,31,6,11,21,244,251,255,248,255,252,222,15,5,11,61,250,206,0,9,21,9,235,251,252,255,252,247,218,14,7,18,0,252,255;252,229,25,2,9,10,16,11,5,12,13,10,21,10,13,11,61,243,255,244,255,112,8,16,9,14,6,20,7,27,73,242,255,255,254,247,204,20,14,13,16,66,254,255,255,255,192,14,20,11,8,90,244,255,66,7,9,11,93,247,254,255,255,255,184,26,13,17,75,253,222,11,8,5,17,172,251,255,255,255,242,36,17,20,9,0,252,255;247,255,50,8,22,17,8,10,13,7,13,15,12,14,13,10,14,149,255,247,255,244,189,58,8,16,14,8,26,161,240,251,252,255,255,255,242,72,22,8,8,8,29,55,78,53,8,20,10,23,11,228,255,255,231,21,12,17,20,101,223,248,246,139,23,22,5,10,161,255,230,23,13,14,19,26,132,214,193,121,32,22,7,9,19,2,252,249;249,255,210,5,13,16,10,14,12,14,14,16,10,9,19,10,6,25,195,242,255,247,249,255,230,200,189,210,247,252,255,255,251,247,255,255,255,244,52,7,20,12,7,15,21,0,10,24,9,2,169,251,255,250,247,107,4,7,10,16,1,11,6,10,1,20,19,51,244,255,247,101,8,15,5,10,6,0,1,6,9,13,7,10,14,8,239,255;251,248,246,69,17,7,12,14,14,13,16,11,16,9,12,11,7,15,13,159,247,254,255,255,252,254,252,250,250,253,254,255,255,254,254,255,255,252,247,118,11,18,16,9,8,14,16,10,47,175,251,253,255,255,253,254,108,10,21,12,6,11,9,9,11,8,65,244,251,255,255,253,84,14,8,19,14,0,17,7,22,120,8,13,8,11,178,249;250,255,250,239,27,19,15,8,